4577.935059	10.60
4577.952148	6.09
4577.969238	0.83
4577.986816	13.77
4578.003906	0.00
4578.020996	9.29
4578.038574	3.70
4578.055664	6.57
4578.072754	25.70
4578.089844	23.79
4578.107422	0.00
4578.124512	0.00
4578.141602	0.00
4578.158691	0.00
4578.176270	0.00
4578.193359	18.50
4578.210449	0.00
4578.227539	14.41
4578.245117	0.00
4578.262207	21.82
4578.279297	9.96
4578.296875	8.69
4578.313965	1.89
4578.331055	9.94
4578.348145	0.00
4578.365723	0.00
4578.382812	16.03
4578.399902	22.81
4578.416992	0.00
4578.434570	20.29
4578.451660	0.00
4578.468750	20.01
4578.485840	2.29
4578.503418	34.94
4578.520508	15.59
4578.537598	0.00
4578.554688	0.00
4578.572266	0.00
4578.589355	8.09
4578.606445	8.25
4578.623535	0.00
4578.641113	0.00
4578.658203	11.80
4578.675293	0.00
4578.692383	9.33
4578.709961	6.98
4578.727051	0.00
4578.744141	0.00
4578.761230	0.00
4578.778809	3.96
4578.795898	18.71
4578.812988	9.35
4578.830078	0.00
4578.847656	11.10
4578.864746	0.00
4578.881836	0.00
4578.898926	5.02
4578.916016	29.35
4578.933594	0.00
4578.950684	22.10
4578.967773	7.16
4578.984863	0.00
4579.002441	0.00
4579.019531	0.00
4579.036621	42.38
4579.053711	43.24
4579.071289	0.00
4579.088379	17.77
4579.105469	42.66
4579.122559	13.22
4579.139648	8.92
4579.157227	37.48
4579.174316	0.42
4579.191406	44.45
4579.208496	46.57
4579.226074	44.10
4579.243164	105.70
4579.260254	150.37
4579.277344	284.63
4579.294434	655.92
4579.312012	1936.81
4579.329102	6203.35
4579.346191	11154.68
4579.363281	7291.91
4579.380371	2101.43
4579.397949	686.53
4579.415039	316.55
4579.432129	146.27
4579.449219	131.75
4579.466797	73.23
4579.483887	43.69
4579.500977	67.13
4579.518066	19.53
4579.535156	0.00
4579.552734	0.00
4579.569824	5.90
4579.586914	24.27
4579.604004	48.16
4579.621094	1.57
4579.638672	43.14
4579.655762	28.29
4579.672852	8.19
4579.689941	32.38
4579.707031	24.31
4579.724609	0.00
4579.741699	30.91
4579.758789	16.19
4579.775879	0.00
4579.792969	24.45
4579.810547	26.26
4579.827637	37.13
4579.844727	60.80
4579.861816	0.00
4579.878906	33.65
4579.896484	17.10
4579.913574	0.00
4579.930664	0.00
4579.947754	0.00
4579.964844	0.00
4579.981934	0.00
4579.999512	12.68
4580.016602	13.12
4580.033691	0.00
4580.050781	1.34
4580.067871	0.00
4580.085449	32.73
4580.102539	0.00
4580.119629	26.18
4580.136719	9.95
4580.153809	3.91
4580.170898	34.23
4580.188477	10.54
4580.205566	0.00
4580.222656	0.00
4580.239746	15.02
4580.256836	0.00
4580.273926	0.00
4580.291504	30.89
4580.308594	11.70
4580.325684	10.65
4580.342773	0.00
4580.359863	6.70
4580.377441	12.70
4580.394531	8.15
4580.411621	12.08
4580.428711	19.63
4580.445801	0.00
4580.462891	23.73
4580.479980	0.00
4580.497559	0.00
4580.514648	0.80
4580.531738	3.83
4580.548828	0.00
4580.565918	16.74
4580.583008	0.00
4580.600586	0.00
4580.617676	33.34
4580.634766	0.00
4580.651855	0.00
4580.668945	20.02
4580.686035	37.66
4580.703613	0.00
4580.720703	0.00
4580.737793	0.00
4580.754883	0.00
4580.771973	46.15
4580.789062	26.58
4580.806152	0.00
4580.823730	30.78
4580.840820	0.00
4580.857910	6.92
4580.875000	8.63
4580.892090	0.00
4580.909180	16.88
4580.926270	27.49
4580.943848	20.87
4580.960938	0.00
4580.978027	18.38
4580.995117	0.00
4581.012207	10.24
4581.029297	18.54
4581.046387	0.00
4581.063965	7.08
4581.081055	4.46
4581.098145	14.98
4581.115234	14.07
4581.132324	27.67
4581.149414	27.09
4581.166504	21.23
4581.184082	14.54
4581.201172	22.25
4581.218262	22.59
4581.235352	0.00
4581.252441	34.49
4581.269531	0.00
4581.286621	3.02
4581.303711	0.00
4581.321289	2.53
4581.338379	0.00
4581.355469	0.00
4581.372559	23.25
4581.389648	0.00
4581.406738	0.00
4581.423828	11.45
4581.440918	16.02
4581.458496	0.00
4581.475586	22.78
4581.492676	22.56
4581.509766	0.00
4581.526855	17.64
4581.543945	5.03
4581.561035	18.42
4581.578125	41.61
4581.595215	0.00
4581.612793	2.27
4581.629883	2.80
4581.646973	1.88
4581.664062	31.35
4581.681152	28.00
4581.698242	26.81
4581.715332	0.00
4581.732422	28.12
4581.749512	0.00
4581.767090	12.92
4581.784180	40.83
4581.801270	0.00
4581.818359	2.78
4581.835449	22.49
4581.852539	14.04
4581.869629	0.00
4581.886719	16.83
4581.903809	0.00
4581.920898	12.00
4581.938477	19.75
4581.955566	0.00
4581.972656	0.00
4581.989746	0.00
4582.006836	1.26
4582.023926	25.35
4582.041016	22.44
4582.058105	0.00
4582.075195	3.88
4582.092285	33.02
4582.109375	0.00
4582.126953	0.00
4582.144043	46.89
4582.161133	6.90
4582.178223	13.02
4582.195312	19.80
4582.212402	20.53
4582.229492	0.00
4582.246582	37.41
4582.263672	28.68
4582.280762	0.00
4582.297852	0.00
4582.315430	14.15
4582.332520	24.47
4582.349609	29.79
4582.366699	5.23
4582.383789	15.68
4582.400879	5.74
4582.417969	0.00
4582.435059	0.00
4582.452148	24.69
4582.469238	24.85
4582.486328	0.00
4582.503418	52.67
4582.520508	30.06
4582.537598	0.00
4582.555176	16.77
4582.572266	0.00
4582.589355	10.83
4582.606445	16.08
4582.623535	31.28
4582.640625	0.00
4582.657715	31.88
4582.674805	21.63
4582.691895	0.00
4582.708984	0.00
4582.726074	23.00
4582.743164	0.00
4582.760254	8.72
4582.777344	0.00
4582.794434	1.10
4582.812012	4.23
4582.829102	17.61
4582.846191	0.00
4582.863281	5.43
4582.880371	7.95
4582.897461	2.56
4582.914551	8.00
4582.931641	0.00
4582.948730	0.00
4582.965820	25.70
4582.982910	17.01
4583.000000	6.32
4583.017090	0.00
4583.034180	16.12
4583.051270	0.00
4583.068359	15.24
4583.085449	20.53
4583.102539	0.00
4583.119629	21.11
4583.136719	9.34
4583.154297	22.68
4583.171387	0.00
4583.188477	0.00
4583.205566	0.00
4583.222656	0.00
4583.239746	0.00
4583.256836	16.34
4583.273926	0.00
4583.291016	27.16
4583.308105	0.00
4583.325195	12.35
4583.342285	28.06
4583.359375	0.00
4583.376465	8.29
4583.393555	0.00
4583.410645	0.00
4583.427734	2.50
4583.444824	1.57
4583.461914	4.83
4583.479004	8.98
4583.496094	25.88
4583.513184	0.00
4583.530273	0.00
4583.547363	45.23
4583.564453	0.00
4583.581543	20.40
4583.598633	2.23
4583.615723	22.34
4583.632812	0.00
4583.649902	21.03
4583.666992	14.90
4583.684570	0.00
4583.701660	0.10
4583.718750	20.43
4583.735840	7.97
4583.752930	0.00
4583.770020	0.00
4583.787109	0.25
4583.804199	0.00
4583.821289	8.59
4583.838379	0.00
4583.855469	23.57
4583.872559	0.00
4583.889648	10.07
4583.906738	0.00
4583.923828	4.39
4583.940918	14.26
4583.958008	0.00
4583.975098	0.00
4583.992188	11.97
4584.009277	0.00
4584.026367	0.00
4584.043457	11.76
4584.060547	10.30
4584.077637	0.00
4584.094727	4.49
4584.111816	1.47
4584.128906	0.00
4584.145996	24.91
4584.163086	13.02
4584.180176	0.00
4584.197266	21.65
4584.214355	20.49
4584.231445	18.96
4584.248535	15.02
4584.265625	0.05
4584.282715	0.00
4584.299805	16.14
4584.316895	20.38
4584.333984	0.00
4584.351074	21.70
4584.368164	0.00
4584.385254	0.12
4584.402344	63.02
4584.419434	0.00
4584.436523	0.00
4584.453613	13.57
4584.470703	3.18
4584.487793	0.00
4584.504883	0.00
4584.521973	0.00
4584.538574	20.02
4584.555664	9.52
4584.572754	0.00
4584.589844	0.00
4584.606934	0.00
4584.624023	0.00
4584.641113	0.00
4584.658203	26.18
4584.675293	59.73
4584.692383	27.01
4584.709473	1.25
4584.726562	15.71
4584.743652	27.71
4584.760742	22.19
4584.777832	0.00
4584.794922	0.00
4584.812012	21.30
4584.829102	18.04
4584.846191	0.00
4584.863281	0.00
4584.880371	23.26
4584.897461	0.00
4584.914551	34.35
4584.931641	47.25
4584.948730	32.52
4584.965820	36.16
4584.982910	40.64
4585.000000	13.92
4585.017090	13.43
4585.034180	32.93
4585.051270	0.00
4585.068359	0.00
4585.084961	17.35
4585.102051	0.00
4585.119141	0.00
4585.136230	11.99
4585.153320	33.81
4585.170410	0.00
4585.187500	0.00
4585.204590	20.82
4585.221680	0.84
4585.238770	6.81
4585.255859	2.84
4585.272949	49.53
4585.290039	0.00
4585.307129	9.35
4585.324219	0.00
4585.341309	0.00
4585.358398	0.00
4585.375488	0.00
4585.392578	16.04
4585.409180	1.08
4585.426270	0.00
4585.443359	32.09
4585.460449	32.58
4585.477539	0.00
4585.494629	13.71
4585.511719	6.04
4585.528809	5.44
4585.545898	0.00
4585.562988	10.87
4585.580078	0.00
4585.597168	11.62
4585.614258	0.00
4585.631348	33.32
4585.648438	0.00
4585.665527	0.00
4585.682129	16.54
4585.699219	2.35
4585.716309	1.27
4585.733398	24.15
4585.750488	0.00
4585.767578	13.17
4585.784668	0.00
4585.801758	9.80
4585.818848	0.00
4585.835938	15.73
4585.853027	5.68
4585.870117	37.48
4585.887207	0.00
4585.903809	13.34
4585.920898	12.74
4585.937988	0.00
4585.955078	0.00
4585.972168	2.29
4585.989258	0.00
4586.006348	17.43
4586.023438	14.49
4586.040527	7.18
4586.057617	28.04
4586.074707	18.67
4586.091309	12.27
4586.108398	0.00
4586.125488	0.00
4586.142578	34.77
4586.159668	0.00
4586.176758	12.27
4586.193848	0.00
4586.210938	18.53
4586.228027	0.00
4586.245117	0.00
4586.262207	0.00
4586.278809	4.76
4586.295898	0.76
4586.312988	22.81
4586.330078	18.72
4586.347168	3.66
4586.364258	2.72
4586.381348	0.00
4586.398438	0.08
4586.415527	37.74
4586.432617	17.17
4586.449219	32.35
4586.466309	8.63
4586.483398	18.82
4586.500488	0.00
4586.517578	24.80
4586.534668	34.33
4586.551758	17.85
4586.568848	0.00
4586.585938	23.66
4586.602539	40.43
4586.619629	0.00
4586.636719	42.32
4586.653809	61.67
4586.670898	6.22
4586.687988	0.00
4586.705078	3.55
4586.722168	24.07
4586.738770	17.01
4586.755859	17.79
4586.772949	1.28
4586.790039	20.11
4586.807129	15.61
4586.824219	1.71
4586.841309	11.93
4586.858398	29.43
4586.875000	3.50
4586.892090	15.29
4586.909180	3.04
4586.926270	0.00
4586.943359	13.65
4586.960449	5.21
4586.977539	0.00
4586.994629	16.99
4587.011230	4.47
4587.028320	15.29
4587.045410	14.27
4587.062500	10.88
4587.079590	5.69
4587.096680	36.35
4587.113770	29.08
4587.130859	10.16
4587.147461	0.00
4587.164551	42.34
4587.181641	0.00
4587.198730	36.65
4587.215820	9.91
4587.232910	0.00
4587.250000	7.75
4587.266602	13.81
4587.283691	0.00
4587.300781	27.78
4587.317871	3.28
4587.334961	0.00
4587.352051	5.88
4587.368652	19.95
4587.385742	0.00
4587.402832	34.22
4587.419922	0.00
4587.437012	0.00
4587.454102	0.00
4587.471191	10.16
4587.487793	0.00
4587.504883	1.21
4587.521973	14.71
4587.539062	5.02
4587.556152	11.56
4587.573242	20.32
4587.589844	0.00
4587.606934	9.46
4587.624023	0.00
4587.641113	0.00
4587.658203	0.00
4587.675293	0.00
4587.692383	0.00
4587.708984	25.52
4587.726074	4.63
4587.743164	27.09
4587.760254	9.85
4587.777344	40.68
4587.794434	12.94
4587.811035	18.68
4587.828125	14.50
4587.845215	21.28
4587.862305	17.32
4587.879395	83.96
4587.895996	83.21
4587.913086	40.27
4587.930176	10.45
4587.947266	0.00
4587.964355	0.00
4587.981445	4.55
4587.998047	0.00
4588.015137	0.00
4588.032227	41.20
4588.049316	12.73
4588.066406	19.53
4588.083008	24.56
4588.100098	0.00
4588.117188	22.88
4588.134277	0.95
4588.151367	0.00
4588.168457	1.33
4588.185059	0.00
4588.202148	4.92
4588.219238	19.22
4588.236328	6.54
4588.253418	30.10
4588.270020	0.00
4588.287109	18.90
4588.304199	24.02
4588.321289	39.67
4588.338379	3.30
4588.354980	35.60
4588.372070	0.00
4588.389160	105.02
4588.406250	218.88
4588.423340	459.33
4588.439941	299.74
4588.457031	52.62
4588.474121	9.48
4588.491211	3.00
4588.508301	22.62
4588.524902	0.00
4588.541992	0.00
4588.559082	24.73
4588.576172	0.00
4588.593262	0.00
4588.609863	16.94
4588.626953	19.35
4588.644043	0.00
4588.661133	1.90
4588.678223	28.13
4588.694824	11.33
4588.711914	6.29
4588.729004	34.26
4588.746094	0.00
4588.763184	15.01
4588.779785	11.07
4588.796875	4.28
4588.813965	28.96
4588.831055	27.10
4588.847656	0.00
4588.864746	0.00
4588.881836	44.22
4588.898926	0.00
4588.916016	0.00
4588.932617	41.06
4588.949707	0.00
4588.966797	35.14
4588.983887	15.45
4589.000488	0.00
4589.017578	7.78
4589.034668	27.70
4589.051758	32.22
4589.068848	30.64
4589.085449	11.13
4589.102539	15.00
4589.119629	25.61
4589.136719	33.35
4589.153320	19.52
4589.170410	14.41
4589.187500	45.89
4589.204590	5.57
4589.221191	27.23
4589.238281	32.77
4589.255371	35.63
4589.272461	167.44
4589.289062	178.31
4589.306152	136.86
4589.323242	0.00
4589.340332	0.00
4589.356934	39.60
4589.374023	4.32
4589.391113	15.56
4589.408203	47.04
4589.424805	0.22
4589.441895	0.00
4589.458984	17.85
4589.476074	0.00
4589.492676	43.55
4589.509766	12.63
4589.526855	0.00
4589.543945	43.62
4589.560547	16.29
4589.577637	28.33
4589.594727	57.87
4589.611816	69.65
4589.628418	28.24
4589.645508	40.71
4589.662598	65.99
4589.679688	47.13
4589.696289	30.10
4589.713379	21.93
4589.730469	58.55
4589.747559	90.88
4589.764160	115.11
4589.781250	191.24
4589.798340	280.30
4589.815430	578.71
4589.832031	1331.48
4589.849121	3482.68
4589.866211	10239.25
4589.883301	31731.23
4589.899902	45636.98
4589.916992	20852.48
4589.934082	5070.71
4589.950684	1623.02
4589.967773	801.83
4589.984863	460.83
4590.001953	320.23
4590.018555	183.54
4590.035645	157.64
4590.052734	100.14
4590.069336	61.14
4590.086426	112.25
4590.103516	110.69
4590.120605	56.28
4590.137207	37.19
4590.154297	28.05
4590.171387	49.00
4590.188477	24.00
4590.205078	31.41
4590.222168	1.50
4590.239258	46.08
4590.255859	31.24
4590.272949	21.67
4590.290039	45.68
4590.307129	28.60
4590.323730	0.00
4590.340820	9.81
4590.357910	31.61
4590.374512	0.00
4590.391602	26.85
4590.408691	33.46
4590.425293	17.23
4590.442383	35.13
4590.459473	19.44
4590.476562	9.01
4590.493164	6.35
4590.510254	25.00
4590.527344	22.38
4590.543945	9.43
4590.561035	54.22
4590.578125	0.00
4590.594727	42.54
4590.611816	22.70
4590.628906	15.53
4590.645996	15.86
4590.662598	17.14
4590.679688	34.19
4590.696777	0.00
4590.713379	15.48
4590.730469	0.24
4590.747559	0.00
4590.764160	26.44
4590.781250	34.00
4590.798340	0.00
4590.814941	28.44
4590.832031	0.00
4590.849121	0.00
4590.865723	32.42
4590.882812	25.44
4590.899902	0.00
4590.916992	30.33
4590.933594	26.59
4590.950684	4.16
4590.967773	19.35
4590.984375	16.23
4591.001465	0.00
4591.018555	20.55
4591.035156	24.58
4591.052246	0.00
4591.069336	30.94
4591.085938	24.63
4591.103027	0.00
4591.120117	13.34
4591.136719	10.47
4591.153809	0.00
4591.170898	0.00
4591.187500	0.00
4591.204590	0.00
4591.221680	23.32
4591.238281	21.68
4591.255371	0.00
4591.272461	0.00
4591.289062	37.58
4591.306152	5.43
4591.323242	0.00
4591.339844	20.74
4591.356934	23.54
4591.374023	14.90
4591.390625	18.56
4591.407715	0.00
4591.424805	0.00
4591.441406	26.75
4591.458496	13.88
4591.475098	20.20
4591.492188	0.00
4591.509277	1.72
4591.525879	35.02
4591.542969	24.56
4591.560059	0.00
4591.576660	19.77
4591.593750	29.61
4591.610840	0.00
4591.627441	0.00
4591.644531	0.00
4591.661621	12.49
4591.678223	8.52
4591.695312	19.49
4591.711914	6.03
4591.729004	0.00
4591.746094	34.29
4591.762695	0.00
4591.779785	0.79
4591.796875	0.00
4591.813477	0.00
4591.830566	0.75
4591.847656	16.62
4591.864258	0.00
4591.881348	7.67
4591.897949	27.73
4591.915039	22.77
4591.932129	0.00
4591.948730	43.25
4591.965820	2.64
4591.982910	6.04
4591.999512	42.58
4592.016602	20.33
4592.033203	34.32
4592.050293	15.32
4592.067383	0.00
4592.083984	4.72
4592.101074	1.30
4592.118164	18.05
4592.134766	40.21
4592.151855	1.60
4592.168457	17.33
4592.185547	26.58
4592.202637	0.00
4592.219238	35.02
4592.236328	20.07
4592.253418	15.16
4592.270020	23.43
4592.287109	34.69
4592.303711	0.00
4592.320801	23.47
4592.337891	27.10
4592.354492	0.09
4592.371582	26.96
4592.388184	0.00
4592.405273	31.19
4592.422363	0.00
4592.438965	2.31
4592.456055	24.23
4592.472656	0.00
4592.489746	5.51
4592.506836	12.32
4592.523438	22.55
4592.540527	12.21
4592.557129	0.00
4592.574219	49.46
4592.591309	39.18
4592.607910	14.88
4592.625000	34.59
4592.641602	192.10
4592.658691	448.05
4592.675781	430.93
4592.692383	134.51
4592.709473	7.54
4592.726074	48.73
4592.743164	0.00
4592.759766	25.20
4592.776855	58.37
4592.793945	38.55
4592.810547	0.00
4592.827637	0.49
4592.844238	0.00
4592.861328	1.05
4592.878418	29.11
4592.895020	8.59
4592.912109	0.00
4592.928711	22.34
4592.945801	28.83
4592.962402	0.00
4592.979492	35.20
4592.996582	6.26
4593.013184	0.00
4593.030273	33.85
4593.046875	0.00
4593.063965	28.33
4593.080566	32.67
4593.097656	0.00
4593.114746	0.00
4593.131348	39.54
4593.148438	5.44
4593.165039	26.26
4593.182129	0.00
4593.198730	13.86
4593.215820	41.66
4593.232910	0.00
4593.249512	4.06
4593.266602	24.16
4593.283203	0.99
4593.300293	17.09
4593.316895	52.38
4593.333984	5.45
4593.350586	13.74
4593.367676	15.41
4593.384766	16.95
4593.401367	9.24
4593.418457	31.49
4593.435059	54.29
4593.452148	56.18
4593.468750	67.78
4593.485840	8.74
4593.502441	14.68
4593.519531	23.12
4593.536621	22.25
4593.553223	1.40
4593.570312	20.91
4593.586914	42.38
4593.604004	45.47
4593.620605	34.45
4593.637695	46.93
4593.654297	60.91
4593.671387	30.83
4593.687988	24.65
4593.705078	11.66
4593.721680	25.46
4593.738770	12.48
4593.755859	0.00
4593.772461	23.71
4593.789551	29.80
4593.806152	0.00
4593.823242	8.06
4593.839844	19.99
4593.856934	18.91
4593.873535	15.08
4593.890625	0.00
4593.907227	0.00
4593.924316	0.00
4593.940918	5.57
4593.958008	0.00
4593.974609	42.96
4593.991699	22.42
4594.008301	4.24
4594.025391	21.83
4594.041992	52.58
4594.059082	3.37
4594.076172	30.77
4594.092773	13.56
4594.109863	0.00
4594.126465	27.71
4594.143555	0.00
4594.160156	0.00
4594.177246	27.74
4594.193848	0.00
4594.210938	0.00
4594.227539	27.52
4594.244629	0.00
4594.261230	54.45
4594.278320	12.46
4594.294922	0.00
4594.312012	21.95
4594.328613	0.59
4594.345703	6.19
4594.362305	25.37
4594.379395	2.98
4594.395996	0.00
4594.413086	25.61
4594.429688	0.00
4594.446777	4.94
4594.463379	7.15
4594.480469	0.30
4594.497070	12.94
4594.514160	20.04
4594.530762	2.23
4594.547852	30.98
4594.564453	23.90
4594.581543	35.46
4594.598145	5.82
4594.615234	45.19
4594.631836	6.60
4594.648926	35.85
4594.665527	3.51
4594.682617	0.00
4594.699219	0.37
4594.716309	10.88
4594.732910	6.49
4594.750000	44.08
4594.766602	0.00
4594.783203	13.66
4594.800293	16.87
4594.816895	0.00
4594.833984	18.74
4594.850586	26.28
4594.867676	0.00
4594.884277	25.03
4594.901367	27.06
4594.917969	1.28
4594.935059	0.00
4594.951660	32.57
4594.968750	0.00
4594.985352	17.04
4595.002441	16.18
4595.019043	21.76
4595.036133	8.84
4595.052734	0.00
4595.069336	16.02
4595.086426	25.11
4595.103027	0.00
4595.120117	7.89
4595.136719	3.59
4595.153809	31.28
4595.170410	0.77
4595.187500	39.09
4595.204102	0.00
4595.221191	19.53
4595.237793	47.52
4595.254883	0.00
4595.271484	0.00
4595.288086	12.06
4595.305176	0.00
4595.321777	8.04
4595.338867	32.78
4595.355469	70.52
4595.372559	114.41
4595.389160	446.82
4595.406250	1688.19
4595.422852	2533.82
4595.439453	1013.15
4595.456543	192.62
4595.473145	41.49
4595.490234	39.56
4595.506836	0.00
4595.523926	33.02
4595.540527	39.22
4595.557617	28.70
4595.574219	31.42
4595.590820	30.04
4595.607910	3.18
4595.624512	38.36
4595.641602	0.70
4595.658203	28.76
4595.675293	0.00
4595.691895	16.07
4595.708496	30.25
4595.725586	10.37
4595.742188	11.11
4595.759277	31.61
4595.775879	0.00
4595.792969	42.94
4595.809570	0.00
4595.826172	12.45
4595.843262	34.78
4595.859863	0.00
4595.876953	7.62
4595.893555	14.48
4595.910645	29.98
4595.927246	29.60
4595.943848	7.71
4595.960938	62.84
4595.977539	0.00
4595.994629	36.12
4596.011230	13.38
4596.027832	106.70
4596.044922	314.55
4596.061523	957.65
4596.078613	2833.40
4596.095215	4880.15
4596.111816	2881.21
4596.128906	758.37
4596.145508	247.40
4596.162598	66.07
4596.179199	39.06
4596.196289	39.76
4596.212891	20.87
4596.229492	21.89
4596.246582	52.17
4596.263184	36.11
4596.280273	43.27
4596.296875	114.48
4596.313477	109.71
4596.330566	15.62
4596.347168	43.06
4596.363770	10.38
4596.380859	38.29
4596.397461	28.45
4596.414551	16.29
4596.431152	41.27
4596.447754	28.39
4596.464844	16.39
4596.481445	32.93
4596.498535	11.35
4596.515137	7.37
4596.531738	38.44
4596.548828	29.09
4596.565430	16.77
4596.582520	2.89
4596.599121	19.94
4596.615723	35.63
4596.632812	0.00
4596.649414	15.06
4596.666016	28.69
4596.683105	10.02
4596.699707	30.10
4596.716797	48.65
4596.733398	4.04
4596.750000	0.00
4596.767090	42.89
4596.783691	24.08
4596.800293	8.90
4596.817383	26.14
4596.833984	0.00
4596.851074	14.70
4596.867676	12.53
4596.884277	0.00
4596.901367	27.21
4596.917969	13.11
4596.934570	14.13
4596.951660	20.37
4596.968262	10.09
4596.984863	0.00
4597.001953	0.00
4597.018555	17.69
4597.035156	14.71
4597.052246	10.14
4597.068848	0.00
4597.085938	0.00
4597.102539	13.30
4597.119141	0.00
4597.136230	0.00
4597.152832	0.00
4597.169434	25.79
4597.186523	0.00
4597.203125	0.00
4597.219727	13.56
4597.236816	24.48
4597.253418	0.00
4597.270020	1.21
4597.287109	38.09
4597.303711	10.89
4597.320312	12.42
4597.337402	16.30
4597.354004	10.02
4597.370605	35.47
4597.387695	3.93
4597.404297	12.89
4597.420898	0.00
4597.437988	28.33
4597.454590	2.22
4597.471191	16.90
4597.488281	0.54
4597.504883	0.00
4597.521484	22.18
4597.538574	22.93
4597.555176	16.38
4597.571777	57.19
4597.588867	49.11
4597.605469	31.86
4597.622070	7.28
4597.639160	53.15
4597.655762	34.17
4597.672363	15.32
4597.689453	4.77
4597.706055	46.43
4597.722656	0.00
4597.739746	24.65
4597.756348	0.00
4597.772949	17.09
4597.790039	18.47
4597.806641	0.00
4597.823242	13.80
4597.839844	37.52
4597.856934	42.96
4597.873535	33.98
4597.890137	18.17
4597.907227	17.58
4597.923828	21.84
4597.940430	34.10
4597.957520	5.49
4597.974121	40.52
4597.990723	7.57
4598.007812	35.79
4598.024414	9.90
4598.041016	1.39
4598.057617	22.71
4598.074707	7.74
4598.091309	9.07
4598.107910	9.40
4598.125000	32.23
4598.141602	14.23
4598.158203	20.64
4598.174805	2.63
4598.191895	16.99
4598.208496	0.00
4598.225098	16.96
4598.242188	21.34
4598.258789	0.00
4598.275391	4.81
4598.291992	14.58
4598.309082	2.05
4598.325684	0.00
4598.342285	30.14
4598.359375	0.00
4598.375977	29.39
4598.392578	15.32
4598.409180	27.70
4598.426270	11.17
4598.442871	25.66
4598.459473	20.20
4598.476562	7.62
4598.493164	28.22
4598.509766	46.18
4598.526367	36.61
4598.543457	14.44
4598.560059	61.19
4598.576660	17.73
4598.593262	16.30
4598.610352	47.76
4598.626953	23.55
4598.643555	47.94
4598.660156	25.93
4598.677246	106.49
4598.693848	207.63
4598.710449	523.27
4598.727539	1797.19
4598.744141	6012.23
4598.760742	10703.14
4598.777344	7029.51
4598.794434	1886.71
4598.811035	543.41
4598.827637	211.12
4598.844238	104.89
4598.861328	80.00
4598.877930	38.08
4598.894531	6.91
4598.911133	56.00
4598.928223	46.81
4598.944824	73.87
4598.961426	82.33
4598.978027	37.21
4598.995117	22.48
4599.011719	36.99
4599.028320	2.73
4599.044922	1.17
4599.062012	19.85
4599.078613	46.49
4599.095215	31.18
4599.111816	11.06
4599.128418	0.99
4599.145508	22.60
4599.162109	21.34
4599.178711	2.81
4599.195312	7.34
4599.212402	31.81
4599.229004	1.67
4599.245605	7.71
4599.262207	5.34
4599.279297	15.32
4599.295898	0.00
4599.312500	31.23
4599.329102	0.00
4599.345703	14.48
4599.362793	33.35
4599.379395	25.06
4599.395996	0.00
4599.412598	34.19
4599.429688	25.62
4599.446289	40.16
4599.462891	0.00
4599.479492	20.41
4599.496094	12.04
4599.513184	6.47
4599.529785	19.94
4599.546387	28.20
4599.562988	14.95
4599.579590	21.26
4599.596680	0.00
4599.613281	19.87
4599.629883	31.82
4599.646484	24.32
4599.663086	8.08
4599.680176	16.05
4599.696777	53.18
4599.713379	38.19
4599.729980	41.10
4599.746582	0.00
4599.763672	0.00
4599.780273	23.97
4599.796875	1.54
4599.813477	9.15
4599.830078	34.75
4599.847168	0.76
4599.863770	0.54
4599.880371	19.04
4599.896973	0.00
4599.913574	28.74
4599.930664	1.76
4599.947266	9.71
4599.963867	27.13
4599.980469	17.02
4599.997070	0.00
4600.014160	19.09
4600.030762	48.82
4600.047363	45.04
4600.063965	0.00
4600.080566	5.76
4600.097168	12.08
4600.114258	23.75
4600.130859	24.83
4600.147461	17.04
4600.164062	27.06
4600.180664	0.00
4600.197266	1.59
4600.214355	32.41
4600.230957	6.28
4600.247559	0.00
4600.264160	2.32
4600.280762	0.00
4600.297852	24.66
4600.314453	11.33
4600.331055	0.00
4600.347656	3.12
4600.364258	27.61
4600.380859	0.00
4600.397461	23.22
4600.414551	35.69
4600.431152	1.38
4600.447754	0.00
4600.464355	2.82
4600.480957	12.61
4600.497559	2.83
4600.514648	13.11
4600.531250	0.00
4600.547852	19.99
4600.564453	0.00
4600.581055	16.33
4600.597656	0.00
4600.614258	0.00
4600.631348	3.78
4600.647949	45.43
4600.664551	14.89
4600.681152	15.23
4600.697754	19.75
4600.714355	20.90
4600.730957	31.35
4600.748047	30.33
4600.764648	11.73
4600.781250	0.00
4600.797852	23.19
4600.814453	56.30
4600.831055	0.00
4600.847656	2.48
4600.864746	10.73
4600.881348	0.00
4600.897949	44.26
4600.914551	25.42
4600.931152	18.15
4600.947754	57.07
4600.964355	3.26
4600.980957	0.00
4600.998047	14.56
4601.014648	4.10
4601.031250	0.00
4601.047852	0.87
4601.064453	6.17
4601.081055	19.21
4601.097656	25.12
4601.114258	2.15
4601.131348	7.80
4601.147949	33.87
4601.164551	27.79
4601.181152	18.23
4601.197754	45.32
4601.214355	13.64
4601.230957	8.87
4601.247559	50.24
4601.264160	0.00
4601.281250	23.96
4601.297852	15.79
4601.314453	16.22
4601.331055	14.15
4601.347656	7.29
4601.364258	6.34
4601.380859	22.33
4601.397461	16.71
4601.414062	0.00
4601.430664	14.60
4601.447754	15.56
4601.464355	28.14
4601.480957	5.52
4601.497559	48.21
4601.514160	75.64
4601.530762	36.08
4601.547363	22.43
4601.563965	5.20
4601.580566	40.20
4601.597168	0.00
4601.613770	26.61
4601.630859	8.30
4601.647461	22.74
4601.664062	5.92
4601.680664	0.00
4601.697266	0.00
4601.713867	36.32
4601.730469	11.60
4601.747070	0.00
4601.763672	42.87
4601.780273	15.79
4601.796875	0.00
4601.813477	27.20
4601.830078	14.64
4601.847168	0.00
4601.863770	19.38
4601.880371	2.05
4601.896973	14.27
4601.913574	54.18
4601.930176	8.49
4601.946777	12.37
4601.963379	32.63
4601.979980	26.34
4601.996582	0.00
4602.013184	9.98
4602.029785	9.11
4602.046387	23.83
4602.062988	0.00
4602.079590	0.00
4602.096680	27.75
4602.113281	2.59
4602.129883	0.00
4602.146484	13.64
4602.163086	0.00
4602.179688	0.94
4602.196289	0.00
4602.212891	16.15
4602.229492	0.00
4602.246094	22.13
4602.262695	0.00
4602.279297	14.01
4602.295898	2.12
4602.312500	0.00
4602.329102	12.20
4602.345703	0.00
4602.362305	20.58
4602.378906	5.13
4602.395508	5.10
4602.412109	41.63
4602.428711	0.80
4602.445312	6.29
4602.461914	0.00
4602.479004	0.00
4602.495605	30.64
4602.512207	13.82
4602.528809	0.00
4602.545410	17.04
4602.562012	14.87
4602.578613	0.00
4602.595215	33.27
4602.611816	42.34
4602.628418	0.00
4602.645020	40.36
4602.661621	0.00
4602.678223	38.58
4602.694824	10.72
4602.711426	18.31
4602.728027	13.76
4602.744629	40.27
4602.761230	46.99
4602.777832	21.80
4602.794434	9.47
4602.811035	0.00
4602.827637	52.52
4602.844238	32.72
4602.860840	49.06
4602.877441	39.37
4602.894043	31.46
4602.910645	49.28
4602.927246	9.42
4602.943848	0.00
4602.960449	38.07
4602.977051	0.00
4602.993652	15.89
4603.010254	41.35
4603.026855	7.95
4603.043457	5.44
4603.060059	20.45
4603.076660	0.42
4603.093262	17.91
4603.109863	51.38
4603.126465	141.42
4603.143066	191.30
4603.159668	120.36
4603.176270	28.26
4603.192871	2.83
4603.209473	7.25
4603.226074	41.48
4603.242676	5.88
4603.259277	0.00
4603.275879	42.37
4603.292480	12.08
4603.309082	4.08
4603.325684	33.49
4603.342285	0.00
4603.358887	54.93
4603.375488	10.10
4603.392090	0.00
4603.408691	1.84
4603.425293	60.10
4603.441895	0.00
4603.458496	6.40
4603.475098	7.05
4603.491699	32.76
4603.508301	13.10
4603.524414	42.70
4603.541016	16.82
4603.557617	21.77
4603.574219	13.63
4603.590820	0.00
4603.607422	29.32
4603.624023	17.20
4603.640625	0.00
4603.657227	31.37
4603.673828	0.00
4603.690430	17.13
4603.707031	47.73
4603.723633	26.30
4603.740234	16.96
4603.756836	27.02
4603.773438	30.77
4603.790039	0.00
4603.806641	33.83
4603.823242	4.88
4603.839844	37.85
4603.856445	0.00
4603.873047	13.62
4603.889160	10.64
4603.905762	24.00
4603.922363	13.85
4603.938965	25.68
4603.955566	12.18
4603.972168	4.51
4603.988770	37.89
4604.005371	0.94
4604.021973	10.40
4604.038574	16.20
4604.055176	27.41
4604.071777	25.39
4604.088379	0.00
4604.104980	36.36
4604.121582	0.00
4604.137695	23.84
4604.154297	6.63
4604.170898	0.00
4604.187500	28.59
4604.204102	4.38
4604.220703	20.85
4604.237305	3.28
4604.253906	14.79
4604.270508	0.00
4604.287109	21.82
4604.303711	0.00
4604.320312	0.00
4604.336914	13.98
4604.353027	0.00
4604.369629	0.00
4604.386230	25.26
4604.402832	25.34
4604.419434	8.56
4604.436035	0.00
4604.452637	15.33
4604.469238	47.77
4604.485840	0.00
4604.502441	35.88
4604.519043	0.00
4604.535156	20.63
4604.551758	18.44
4604.568359	14.65
4604.584961	0.00
4604.601562	9.61
4604.618164	0.00
4604.634766	19.92
4604.651367	0.00
4604.667969	21.22
4604.684082	0.00
4604.700684	0.00
4604.717285	18.44
4604.733887	0.00
4604.750488	41.94
4604.767090	29.76
4604.783691	0.00
4604.800293	3.87
4604.816895	0.00
4604.833008	29.61
4604.849609	2.22
4604.866211	8.41
4604.882812	1.66
4604.899414	6.43
4604.916016	0.00
4604.932617	17.01
4604.949219	0.00
4604.965332	12.34
4604.981934	1.08
4604.998535	14.95
4605.015137	39.33
4605.031738	0.00
4605.048340	0.00
4605.064941	0.00
4605.081543	9.96
4605.097656	0.00
4605.114258	0.09
4605.130859	4.87
4605.147461	0.00
4605.164062	13.00
4605.180664	0.00
4605.197266	0.00
4605.213379	11.11
4605.229980	0.00
4605.246582	27.35
4605.263184	14.33
4605.279785	24.22
4605.296387	9.10
4605.312988	3.03
4605.329102	0.00
4605.345703	23.53
4605.362305	9.37
4605.378906	0.00
4605.395508	36.37
4605.412109	21.41
4605.428711	0.00
4605.444824	26.16
4605.461426	31.19
4605.478027	7.11
4605.494629	37.07
4605.511230	7.50
4605.527832	13.80
4605.543945	0.00
4605.560547	25.73
4605.577148	0.00
4605.593750	31.95
4605.610352	15.92
4605.626953	26.77
4605.643066	29.65
4605.659668	0.00
4605.676270	6.34
4605.692871	31.96
4605.709473	67.79
4605.725586	0.00
4605.742188	21.38
4605.758789	20.37
4605.775391	41.25
4605.791992	0.00
4605.808594	49.87
4605.824707	0.00
4605.841309	18.76
4605.857910	0.00
4605.874512	18.01
4605.891113	26.11
4605.907227	19.86
4605.923828	14.54
4605.940430	0.00
4605.957031	17.36
4605.973633	17.18
4605.990234	32.19
4606.006348	6.61
4606.022949	17.12
4606.039551	9.52
4606.056152	15.82
4606.072754	0.00
4606.088867	0.00
4606.105469	32.64
4606.122070	32.50
4606.138672	0.00
4606.155273	55.16
4606.171387	0.00
4606.187988	15.64
4606.204590	16.05
4606.221191	1.40
4606.237305	0.00
4606.253906	24.28
4606.270508	18.23
4606.287109	26.83
4606.303711	0.00
4606.319824	17.30
4606.336426	13.68
4606.353027	20.72
4606.369629	0.00
4606.386230	0.00
4606.402344	30.18
4606.418945	0.00
4606.435547	32.93
4606.452148	0.00
4606.468262	0.00
4606.484863	92.93
4606.501465	42.20
4606.518066	32.15
4606.534668	0.00
4606.550781	49.48
4606.567383	4.07
4606.583984	60.75
4606.600586	12.28
4606.616699	42.99
4606.633301	3.25
4606.649902	1.43
4606.666504	13.55
4606.682617	42.17
4606.699219	0.00
4606.715820	54.74
4606.732422	0.00
4606.748535	61.76
4606.765137	0.00
4606.781738	37.25
4606.798340	2.38
4606.814453	7.32
4606.831055	0.00
4606.847656	0.00
4606.864258	25.34
4606.880371	36.22
4606.896973	0.00
4606.913574	41.24
4606.930176	7.96
4606.946289	27.76
4606.962891	0.00
4606.979492	27.92
4606.996094	34.95
4607.012207	27.13
4607.028809	12.54
4607.045410	19.92
4607.062012	0.00
4607.078125	0.00
4607.094727	42.30
4607.111328	0.00
4607.127441	29.59
4607.144043	23.16
4607.160645	4.89
4607.177246	37.06
4607.193359	0.00
4607.209961	0.00
4607.226562	0.00
4607.243164	37.05
4607.259277	0.00
4607.275879	11.35
4607.292480	0.39
4607.308594	27.58
4607.325195	35.19
4607.341797	24.12
4607.358398	52.62
4607.374512	32.29
4607.391113	35.13
4607.407715	0.00
4607.423828	30.43
4607.440430	31.20
4607.457031	33.80
4607.473633	11.78
4607.489746	1.81
4607.506348	26.98
4607.522949	18.55
4607.539062	7.11
4607.555664	13.66
4607.572266	0.00
4607.588379	0.00
4607.604980	30.27
4607.621582	0.00
4607.638184	0.00
4607.654297	35.92
4607.670898	0.00
4607.687500	26.39
4607.703613	12.49
4607.720215	16.52
4607.736816	25.28
4607.752930	1.74
4607.769531	0.00
4607.786133	38.81
4607.802246	35.69
4607.818848	28.74
4607.835449	14.20
4607.851562	12.56
4607.868164	1.36
4607.884766	1.56
4607.901367	0.00
4607.917480	113.72
4607.934082	146.54
4607.950684	88.97
4607.966797	31.17
4607.983398	22.03
4608.000000	0.53
4608.016113	0.21
4608.032715	6.01
4608.049316	33.74
4608.065430	0.00
4608.082031	25.26
4608.098633	0.98
4608.114746	18.58
4608.131348	0.00
4608.147949	28.86
4608.164062	8.28
4608.180664	9.33
4608.197266	9.84
4608.213379	31.71
4608.229980	3.83
4608.246094	0.00
4608.262695	27.07
4608.279297	0.00
4608.295410	10.79
4608.312012	9.83
4608.328613	5.00
4608.344727	27.73
4608.361328	7.08
4608.377930	14.92
4608.394043	24.53
4608.410645	16.91
4608.427246	55.21
4608.443359	6.44
4608.459961	41.65
4608.476074	0.00
4608.492676	3.69
4608.509277	33.18
4608.525391	17.08
4608.541992	33.92
4608.558594	19.24
4608.574707	80.03
4608.591309	57.23
4608.607910	117.65
4608.624023	203.36
4608.640625	55.37
4608.656738	38.49
4608.673340	29.60
4608.689941	38.70
4608.706055	16.97
4608.722656	42.11
4608.739258	12.23
4608.755371	43.58
4608.771973	6.26
4608.788086	30.16
4608.804688	17.25
4608.821289	42.62
4608.837402	0.00
4608.854004	38.49
4608.870117	13.69
4608.886719	58.15
4608.903320	8.74
4608.919434	50.65
4608.936035	13.32
4608.952148	19.00
4608.968750	53.05
4608.985352	9.34
4609.001465	19.40
4609.018066	20.41
4609.034180	26.49
4609.050781	35.52
4609.067383	78.99
4609.083496	29.55
4609.100098	31.91
4609.116211	17.75
4609.132812	48.82
4609.149414	7.79
4609.165527	35.27
4609.182129	37.26
4609.198242	22.68
4609.214844	44.51
4609.231445	76.61
4609.247559	51.73
4609.264160	81.25
4609.280273	102.66
4609.296875	91.61
4609.313477	89.93
4609.329590	74.32
4609.346191	102.18
4609.362305	153.32
4609.378906	163.74
4609.395020	181.59
4609.411621	169.42
4609.428223	249.07
4609.444336	298.81
4609.460938	422.32
4609.477051	797.71
4609.493652	1334.13
4609.509766	3105.64
4609.526367	9407.93
4609.542480	34035.59
4609.559082	95061.81
4609.575684	96361.29
4609.591797	38307.18
4609.608398	11687.76
4609.624512	4363.99
4609.641113	2066.25
4609.657227	1190.94
4609.673828	724.07
4609.690430	495.78
4609.706543	355.93
4609.723145	243.89
4609.739258	235.63
4609.755859	188.00
4609.771973	198.68
4609.788574	165.36
4609.804688	133.71
4609.821289	74.79
4609.837402	95.56
4609.854004	50.52
4609.870605	96.82
4609.886719	45.65
4609.903320	62.50
4609.919434	39.36
4609.936035	32.08
4609.952148	90.30
4609.968750	27.34
4609.984863	61.03
4610.001465	46.82
4610.017578	80.70
4610.034180	52.14
4610.050293	45.69
4610.066895	34.89
4610.083008	40.00
4610.099609	19.63
4610.115723	21.63
4610.132324	30.46
4610.148926	0.00
4610.165039	0.00
4610.181641	47.47
4610.197754	13.63
4610.214355	24.34
4610.230469	0.00
4610.247070	13.97
4610.263184	66.10
4610.279785	0.61
4610.295898	37.17
4610.312500	50.16
4610.328613	6.01
4610.345215	44.02
4610.361328	0.00
4610.377930	41.78
4610.394043	0.00
4610.410645	14.49
4610.426758	17.58
4610.443359	32.92
4610.459473	33.25
4610.476074	46.64
4610.492188	15.76
4610.508789	19.08
4610.524902	3.64
4610.541504	0.00
4610.557617	43.47
4610.574219	0.00
4610.590332	61.67
4610.606934	61.22
4610.623047	50.21
4610.639648	33.01
4610.655762	20.32
4610.672363	23.18
4610.688477	4.73
4610.705078	20.23
4610.721191	34.41
4610.737793	17.02
4610.753906	31.00
4610.770020	29.01
4610.786621	27.57
4610.802734	30.36
4610.819336	0.44
4610.835449	18.63
4610.852051	24.83
4610.868164	4.41
4610.884766	25.81
4610.900879	12.05
4610.917480	51.79
4610.933594	13.43
4610.950195	0.00
4610.966309	26.45
4610.982910	0.00
4610.999023	34.89
4611.015137	9.94
4611.031738	2.33
4611.047852	21.51
4611.064453	0.00
4611.080566	23.06
4611.097168	20.11
4611.113281	40.68
4611.129883	2.72
4611.145996	42.94
4611.162598	0.00
4611.178711	23.43
4611.194824	95.71
4611.211426	114.80
4611.227539	270.93
4611.244141	423.39
4611.260254	345.94
4611.276855	157.48
4611.292969	84.77
4611.309570	24.48
4611.325684	18.47
4611.341797	44.32
4611.358398	0.00
4611.374512	8.96
4611.391113	0.00
4611.407227	34.20
4611.423828	0.00
4611.439941	43.20
4611.456055	0.00
4611.472656	7.95
4611.488770	0.00
4611.505371	13.86
4611.521484	0.00
4611.538086	15.06
4611.554199	0.00
4611.570312	0.00
4611.586914	7.02
4611.603027	25.23
4611.619629	0.00
4611.635742	7.01
4611.651855	24.76
4611.668457	27.14
4611.684570	1.46
4611.701172	28.27
4611.717285	0.00
4611.733887	13.96
4611.750000	11.24
4611.766113	5.44
4611.782715	6.96
4611.798828	0.00
4611.815430	55.73
4611.831543	2.77
4611.847656	62.52
4611.864258	37.45
4611.880371	32.34
4611.896973	0.00
4611.913086	4.69
4611.929199	0.00
4611.945801	47.16
4611.961914	0.00
4611.978027	23.28
4611.994629	0.00
4612.010742	0.29
4612.027344	35.85
4612.043457	12.29
4612.059570	9.74
4612.076172	0.00
4612.092285	0.00
4612.108887	32.06
4612.125000	0.00
4612.141113	11.20
4612.157715	9.44
4612.173828	8.67
4612.189941	2.29
4612.206543	30.79
4612.222656	21.23
4612.239258	0.00
4612.255371	0.00
4612.271484	10.39
4612.288086	0.00
4612.304199	36.79
4612.320312	0.00
4612.336914	24.05
4612.353027	0.00
4612.369141	44.68
4612.385742	0.00
4612.401855	19.25
4612.418457	0.00
4612.434570	21.90
4612.450684	0.00
4612.467285	39.98
4612.483398	19.98
4612.499512	1.41
4612.516113	0.00
4612.532227	73.07
4612.548340	21.77
4612.564941	11.86
4612.581055	0.00
4612.597168	23.01
4612.613770	0.00
4612.629883	14.03
4612.645996	0.00
4612.662598	0.00
4612.678711	6.85
4612.694824	8.41
4612.711426	32.32
4612.727539	0.00
4612.743652	33.44
4612.760254	0.00
4612.776367	0.00
4612.792480	20.40
4612.809082	0.00
4612.825195	27.80
4612.841309	0.00
4612.857910	11.73
4612.874023	0.00
4612.890137	17.94
4612.906738	0.00
4612.922852	0.00
4612.938965	0.00
4612.955566	0.00
4612.971680	5.97
4612.987793	0.00
4613.004395	31.26
4613.020508	8.17
4613.036621	0.18
4613.053223	0.00
4613.069336	22.46
4613.085449	0.00
4613.102051	9.96
4613.118164	19.59
4613.134277	38.28
4613.150391	6.74
4613.166992	1.71
4613.183105	20.89
4613.199219	0.00
4613.215820	14.85
4613.231934	0.00
4613.248047	4.89
4613.264648	8.63
4613.280762	34.52
4613.296875	4.65
4613.312988	17.40
4613.329590	0.00
4613.345703	0.00
4613.361816	46.36
4613.378418	0.00
4613.394531	34.58
4613.410645	0.00
4613.426758	9.28
4613.443359	0.00
4613.459473	33.00
4613.475586	11.52
4613.492188	18.97
4613.508301	3.71
4613.524414	46.54
4613.540527	19.14
4613.557129	19.08
4613.573242	17.72
4613.589355	159.88
4613.605469	237.76
4613.622070	99.92
4613.638184	18.93
4613.654297	30.40
4613.670898	0.00
4613.687012	0.00
4613.703125	0.00
4613.719238	12.13
4613.735840	0.00
4613.751953	31.29
4613.768066	9.67
4613.784180	6.78
4613.800781	61.39
4613.816895	0.00
4613.833008	11.79
4613.849121	4.48
4613.865723	26.97
4613.881836	4.05
4613.897949	4.36
4613.914062	46.57
4613.930664	0.00
4613.946777	15.72
4613.962891	0.00
4613.979004	30.61
4613.995605	7.60
4614.011719	27.53
4614.027832	0.00
4614.043945	32.10
4614.060547	15.05
4614.076660	56.02
4614.092773	40.57
4614.108887	65.54
4614.125488	75.85
4614.141602	39.90
4614.157715	22.73
4614.173828	0.00
4614.189941	9.36
4614.206543	33.12
4614.222656	0.00
4614.238770	0.00
4614.254883	0.00
4614.271484	64.51
4614.287598	0.00
4614.303711	17.83
4614.319824	0.17
4614.335938	28.29
4614.352539	0.00
4614.368652	24.95
4614.384766	0.00
4614.400879	17.34
4614.416992	9.21
4614.433594	32.78
4614.449707	0.00
4614.465820	32.53
4614.481934	9.01
4614.498535	23.96
4614.514648	15.15
4614.530762	13.75
4614.546875	27.38
4614.562988	0.00
4614.579590	0.00
4614.595703	45.48
4614.611816	15.50
4614.627930	18.31
4614.644043	1.04
4614.660645	0.00
4614.676758	22.81
4614.692871	0.00
4614.708984	1.21
4614.725098	17.48
4614.741211	39.61
4614.757812	0.00
4614.773926	12.08
4614.790039	19.83
4614.806152	0.00
4614.822266	6.98
4614.838867	15.55
4614.854980	14.09
4614.871094	0.00
4614.887207	25.42
4614.903320	15.51
4614.919434	39.07
4614.936035	18.07
4614.952148	0.00
4614.968262	29.45
4614.984375	12.72
4615.000488	64.44
4615.016602	120.93
4615.033203	104.85
4615.049316	71.68
4615.065430	30.46
4615.081543	32.43
4615.097656	27.46
4615.113770	7.55
4615.130371	7.08
4615.146484	0.00
4615.162598	29.57
4615.178711	0.00
4615.194824	0.00
4615.210938	1.26
4615.227051	1.26
4615.243652	20.53
4615.259766	2.51
4615.275879	16.82
4615.291992	5.00
4615.308105	44.54
4615.324219	163.43
4615.340332	153.59
4615.356934	95.54
4615.373047	10.22
4615.389160	24.61
4615.405273	0.00
4615.421387	29.39
4615.437500	0.00
4615.453613	22.62
4615.470215	0.00
4615.486328	21.57
4615.502441	15.48
4615.518555	14.81
4615.534668	13.00
4615.550781	0.00
4615.566895	42.58
4615.583008	2.84
4615.599609	49.81
4615.615723	0.00
4615.631836	0.00
4615.647949	40.99
4615.664062	0.00
4615.680176	0.00
4615.696289	24.39
4615.712402	0.00
4615.729004	29.67
4615.745117	0.00
4615.761230	1.01
4615.777344	0.00
4615.793457	20.21
4615.809570	0.00
4615.825684	2.75
4615.841797	0.00
4615.857910	16.91
4615.874023	12.32
4615.890625	37.33
4615.906738	48.69
4615.922852	0.00
4615.938965	10.85
4615.955078	0.00
4615.971191	29.64
4615.987305	0.00
4616.003418	17.59
4616.019531	21.38
4616.035645	0.00
4616.052246	53.97
4616.068359	0.00
4616.084473	19.73
4616.100586	16.19
4616.116699	21.07
4616.132812	0.00
4616.148926	35.69
4616.165039	0.00
4616.181152	1.01
4616.197266	25.74
4616.213379	1.51
4616.229492	43.57
4616.245605	0.53
4616.262207	28.37
4616.278320	0.00
4616.294434	0.00
4616.310547	9.37
4616.326660	0.00
4616.342773	0.00
4616.358887	22.00
4616.375000	0.00
4616.391113	24.98
4616.407227	0.00
4616.423340	6.65
4616.439453	31.91
4616.455566	0.00
4616.471680	2.67
4616.487793	0.00
4616.503906	37.73
4616.520508	7.15
4616.536621	58.28
4616.552734	0.00
4616.568848	29.05
4616.584961	0.00
4616.601074	59.40
4616.617188	3.16
4616.633301	7.34
4616.649414	16.32
4616.665527	25.48
4616.681641	38.32
4616.697754	6.97
4616.713867	12.70
4616.729980	4.33
4616.746094	31.86
4616.762207	22.56
4616.778320	0.00
4616.794434	42.19
4616.810547	8.35
4616.826660	38.88
4616.842773	3.00
4616.858887	16.07
4616.875000	0.00
4616.891113	48.64
4616.907227	0.00
4616.923340	27.42
4616.939453	0.00
4616.955566	46.64
4616.971680	25.62
4616.987793	31.69
4617.004395	3.13
4617.020508	0.00
4617.036621	35.47
4617.052734	0.00
4617.068848	8.44
4617.084961	23.41
4617.101074	4.47
4617.117188	19.82
4617.133301	0.00
4617.149414	19.04
4617.165527	14.54
4617.181641	42.66
4617.197754	0.00
4617.213867	40.41
4617.229980	0.00
4617.246094	43.68
4617.262207	0.00
4617.278320	25.32
4617.294434	35.94
4617.310547	7.42
4617.326660	0.00
4617.342773	13.21
4617.358887	0.00
4617.375000	26.80
4617.391113	0.00
4617.406738	0.00
4617.422852	44.20
4617.438965	11.02
4617.455078	25.17
4617.471191	0.00
4617.487305	5.50
4617.503418	6.48
4617.519531	4.04
4617.535645	14.01
4617.551758	0.00
4617.567871	22.56
4617.583984	0.00
4617.600098	25.64
4617.616211	6.40
4617.632324	12.81
4617.648438	0.00
4617.664551	10.75
4617.680664	0.00
4617.696777	14.98
4617.712891	10.87
4617.729004	0.00
4617.745117	9.57
4617.761230	40.79
4617.777344	0.00
4617.793457	0.00
4617.809570	11.11
4617.825684	0.00
4617.841797	25.60
4617.857910	0.00
4617.873535	17.03
4617.889648	0.00
4617.905762	49.85
4617.921875	11.98
4617.937988	48.01
4617.954102	28.12
4617.970215	0.00
4617.986328	34.77
4618.002441	34.73
4618.018555	25.74
4618.034668	32.66
4618.050781	0.00
4618.066895	24.42
4618.083008	0.00
4618.099121	27.72
4618.115234	0.00
4618.130859	0.00
4618.146973	36.55
4618.163086	1.89
4618.179199	18.77
4618.195312	0.00
4618.211426	18.43
4618.227539	0.00
4618.243652	1.40
4618.259766	0.00
4618.275879	49.41
4618.291992	25.05
4618.308105	23.09
4618.324219	4.78
4618.339844	0.00
4618.355957	33.72
4618.372070	0.00
4618.388184	4.55
4618.404297	0.00
4618.420410	13.66
4618.436523	0.00
4618.452637	14.91
4618.468750	40.60
4618.484863	0.00
4618.500488	32.81
4618.516602	10.85
4618.532715	20.04
4618.548828	12.48
4618.564941	12.60
4618.581055	18.90
4618.597168	0.00
4618.613281	32.87
4618.629395	0.00
4618.645508	19.38
4618.661133	0.00
4618.677246	12.22
4618.693359	0.00
4618.709473	40.19
4618.725586	5.27
4618.741699	31.69
4618.757812	0.00
4618.773926	40.23
4618.789551	9.85
4618.805664	24.32
4618.821777	0.00
4618.837891	0.00
4618.854004	4.73
4618.870117	0.00
4618.886230	26.19
4618.902344	0.00
4618.917969	42.61
4618.934082	0.00
4618.950195	0.00
4618.966309	30.37
4618.982422	0.00
4618.998535	26.32
4619.014648	0.00
4619.030273	37.03
4619.046387	0.00
4619.062500	17.43
4619.078613	36.96
4619.094727	8.06
4619.110840	0.00
4619.126953	26.71
4619.142578	8.73
4619.158691	0.00
4619.174805	22.91
4619.190918	13.16
4619.207031	38.40
4619.223145	0.00
4619.238770	16.55
4619.254883	41.35
4619.270996	0.00
4619.287109	37.22
4619.303223	0.00
4619.319336	35.05
4619.335449	0.00
4619.351074	40.01
4619.367188	7.72
4619.383301	0.00
4619.399414	15.50
4619.415527	0.00
4619.431152	0.00
4619.447266	20.19
4619.463379	48.79
4619.479492	52.28
4619.495605	42.80
4619.511719	3.24
4619.527344	0.00
4619.543457	32.83
4619.559570	11.13
4619.575684	34.06
4619.591797	6.47
4619.607422	25.40
4619.623535	21.31
4619.639648	0.00
4619.655762	40.54
4619.671875	0.00
4619.687988	16.54
4619.703613	0.00
4619.719727	0.00
4619.735840	3.02
4619.751953	0.00
4619.768066	12.31
4619.783691	8.13
4619.799805	0.00
4619.815918	43.72
4619.832031	0.00
4619.848145	31.61
4619.863770	0.00
4619.879883	42.53
4619.895996	0.00
4619.912109	23.76
4619.927734	2.76
4619.943848	14.02
4619.959961	20.89
4619.976074	0.00
4619.992188	24.00
4620.007812	0.00
4620.023926	24.77
4620.040039	1.15
4620.056152	3.31
4620.072266	26.36
4620.087891	0.00
4620.104004	0.00
4620.120117	24.74
4620.136230	0.76
4620.151855	44.65
4620.167969	8.86
4620.184082	40.54
4620.200195	0.00
4620.215820	14.49
4620.231934	57.67
4620.248047	26.76
4620.264160	20.65
4620.279785	1.95
4620.295898	22.18
4620.312012	24.28
4620.328125	0.00
4620.344238	35.20
4620.359863	38.10
4620.375977	0.00
4620.392090	40.45
4620.408203	0.00
4620.423828	12.89
4620.439941	20.78
4620.456055	13.73
4620.471680	35.74
4620.487793	30.01
4620.503906	35.78
4620.520020	0.00
4620.535645	5.48
4620.551758	0.00
4620.567871	8.98
4620.583984	18.33
4620.599609	0.00
4620.615723	23.83
4620.631836	0.00
4620.647949	40.66
4620.663574	0.00
4620.679688	22.82
4620.695801	7.60
4620.711426	0.00
4620.727539	0.00
4620.743652	0.00
4620.759766	0.00
4620.775391	0.00
4620.791504	4.42
4620.807617	1.24
4620.823730	14.62
4620.839355	0.00
4620.855469	20.88
4620.871582	0.00
4620.887207	31.89
4620.903320	0.00
4620.919434	15.84
4620.935547	0.00
4620.951172	3.83
4620.967285	0.00
4620.983398	0.00
4620.999023	4.78
4621.015137	0.00
4621.031250	0.00
4621.046875	7.58
4621.062988	0.87
4621.079102	52.05
4621.095215	9.49
4621.110840	32.05
4621.126953	5.95
4621.143066	72.82
4621.158691	97.92
4621.174805	90.71
4621.190918	33.03
4621.206543	0.00
4621.222656	0.00
4621.238770	0.00
4621.254395	29.64
4621.270508	0.00
4621.286621	4.27
4621.302246	0.00
4621.318359	34.14
4621.334473	11.84
4621.350098	0.00
4621.366211	0.00
4621.382324	0.00
4621.397949	0.00
4621.414062	0.00
4621.430176	11.69
4621.445801	0.78
4621.461914	45.11
4621.478027	0.00
4621.493652	34.01
4621.509766	12.87
4621.525879	19.09
4621.541504	29.08
4621.557617	0.00
4621.573730	29.92
4621.589355	0.00
4621.605469	16.93
4621.621582	21.33
4621.637207	20.65
4621.653320	22.79
4621.669434	23.55
4621.685059	14.04
4621.701172	0.00
4621.717285	53.34
4621.732910	0.00
4621.749023	0.00
4621.765137	9.00
4621.780762	23.11
4621.796875	0.00
4621.812500	12.35
4621.828613	25.53
4621.844727	20.28
4621.860352	0.00
4621.876465	11.84
4621.892578	2.64
4621.908203	18.76
4621.924316	26.17
4621.939941	0.00
4621.956055	24.75
4621.972168	0.00
4621.987793	23.22
4622.003906	0.00
4622.020020	0.00
4622.035645	0.00
4622.051758	24.91
4622.067383	0.00
4622.083496	16.86
4622.099609	2.06
4622.115234	20.19
4622.131348	30.05
4622.146973	0.00
4622.163086	33.50
4622.179199	0.00
4622.194824	28.48
4622.210938	0.00
4622.227051	18.19
4622.242676	2.19
4622.258789	37.91
4622.274414	19.05
4622.290527	6.01
4622.306641	38.57
4622.322266	0.00
4622.338379	18.31
4622.354004	0.00
4622.370117	46.68
4622.385742	0.00
4622.401855	5.97
4622.417969	11.24
4622.433594	0.00
4622.449707	11.01
4622.465332	32.82
4622.481445	1.49
4622.497559	9.48
4622.513184	0.00
4622.529297	18.77
4622.544922	0.00
4622.561035	34.06
4622.576660	0.00
4622.592773	26.55
4622.608887	26.88
4622.624512	0.00
4622.640625	29.19
4622.656250	0.00
4622.672363	1.99
4622.687988	0.00
4622.704102	14.38
4622.720215	13.65
4622.735840	2.92
4622.751953	20.87
4622.767578	0.00
4622.783691	40.32
4622.799316	0.00
4622.815430	14.04
4622.831055	0.00
4622.847168	0.00
4622.863281	7.46
4622.878906	2.63
4622.895020	0.00
4622.910645	8.73
4622.926758	0.00
4622.942383	5.49
4622.958496	1.05
4622.974121	27.70
4622.990234	0.00
4623.005859	16.65
4623.021973	0.00
4623.038086	28.15
4623.053711	2.94
4623.069824	15.99
4623.085449	0.00
4623.101562	0.00
4623.117188	21.13
4623.133301	25.66
4623.148926	13.49
4623.165039	0.00
4623.180664	19.29
4623.196777	0.00
4623.212402	23.27
4623.228516	0.00
4623.244141	22.84
4623.260254	0.00
4623.275879	0.00
4623.291992	9.95
4623.307617	0.00
4623.323730	3.46
4623.339355	0.00
4623.355469	6.88
4623.371094	0.00
4623.387207	40.77
4623.403320	8.35
4623.418945	0.00
4623.435059	22.51
4623.450684	17.58
4623.466797	0.00
4623.482422	9.31
4623.498535	8.72
4623.514160	25.03
4623.530273	10.84
4623.545898	0.00
4623.562012	0.00
4623.577637	0.00
4623.593262	0.00
4623.609375	34.65
4623.625000	0.00
4623.641113	0.00
4623.656738	0.00
4623.672852	33.92
4623.688477	0.00
4623.704590	0.00
4623.720215	0.00
4623.736328	22.35
4623.751953	0.00
4623.768066	48.70
4623.783691	0.00
4623.799805	8.50
4623.815430	0.00
4623.831543	3.77
4623.847168	0.00
4623.863281	0.00
4623.878906	22.52
4623.895020	0.00
4623.910645	21.70
4623.926270	0.00
4623.942383	34.28
4623.958008	0.00
4623.974121	29.68
4623.989746	0.00
4624.005859	0.19
4624.021484	15.70
4624.037598	8.24
4624.053223	0.00
4624.069336	0.45
4624.084961	10.51
4624.101074	0.00
4624.116699	31.98
4624.132324	5.25
4624.148438	12.05
4624.164062	11.44
4624.180176	37.79
4624.195801	1.92
4624.211914	5.74
4624.227539	0.00
4624.243164	9.01
4624.259277	2.74
4624.274902	32.30
4624.291016	0.00
4624.306641	58.68
4624.322754	29.81
4624.338379	27.51
4624.354492	0.00
4624.370117	0.00
4624.385742	0.00
4624.401855	0.00
4624.417480	0.31
4624.433594	19.82
4624.449219	25.65
4624.464844	2.66
4624.480957	1.23
4624.496582	11.51
4624.512695	19.78
4624.528320	24.07
4624.544434	0.00
4624.560059	5.22
4624.575684	0.00
4624.591797	20.01
4624.607422	0.00
4624.623535	0.00
4624.639160	0.00
4624.654785	21.32
4624.670898	0.00
4624.686523	0.00
4624.702637	24.70
4624.718262	0.00
4624.733887	25.43
4624.750000	14.31
4624.765625	0.00
4624.781738	0.00
4624.797363	18.80
4624.812988	0.00
4624.829102	14.95
4624.844727	27.04
4624.860352	0.00
4624.876465	13.97
4624.892090	0.00
4624.908203	3.23
4624.923828	0.00
4624.939453	19.07
4624.955566	28.42
4624.971191	0.00
4624.987305	0.00
4625.002930	0.00
4625.018555	0.00
4625.034668	0.00
4625.050293	29.91
4625.065918	10.31
4625.082031	0.00
4625.097656	18.31
4625.113281	0.00
4625.129395	57.44
4625.145020	4.52
4625.161133	0.00
4625.176758	0.00
4625.192383	9.20
4625.208496	17.20
4625.224121	55.87
4625.239746	0.59
4625.255859	0.00
4625.271484	0.00
4625.287109	29.48
4625.303223	24.65
4625.318848	9.97
4625.334473	11.38
4625.350586	14.40
4625.366211	13.28
4625.381836	0.00
4625.397949	0.00
4625.413574	0.00
4625.429199	39.01
4625.445312	0.00
4625.460938	15.18
4625.476562	0.00
4625.492676	38.53
4625.508301	0.00
4625.523926	0.00
4625.540039	12.02
4625.555664	0.00
4625.571289	66.92
4625.587402	3.27
4625.603027	18.04
4625.618652	16.35
4625.634766	55.72
4625.650391	0.00
4625.666016	27.96
4625.682129	8.65
4625.697754	23.02
4625.713379	0.00
4625.729492	0.00
4625.745117	6.62
4625.760742	39.36
4625.776855	32.40
4625.792480	0.00
4625.808105	33.65
4625.823730	0.00
4625.839844	25.58
4625.855469	0.00
4625.871094	12.25
4625.887207	44.44
4625.902832	1.26
4625.918457	18.70
4625.934570	0.00
4625.950195	57.85
4625.965820	2.22
4625.981445	0.00
4625.997559	14.36
4626.013184	0.00
4626.028809	9.09
4626.044922	29.83
4626.060547	0.00
4626.076172	8.67
4626.091797	0.00
4626.107910	0.00
4626.123535	0.00
4626.139160	50.79
4626.155273	0.00
4626.170898	49.65
4626.186523	0.00
4626.202148	20.15
4626.218262	0.00
4626.233887	52.27
4626.249512	13.19
4626.265137	31.73
4626.281250	0.00
4626.296875	9.62
4626.312500	21.18
4626.328613	0.00
4626.344238	5.19
4626.359863	0.00
4626.375488	0.00
4626.391602	32.62
4626.407227	0.00
4626.422852	0.00
4626.438477	23.49
4626.454590	0.00
4626.470215	22.71
4626.485840	0.00
4626.501465	24.94
4626.517578	25.18
4626.533203	0.00
4626.548828	24.93
4626.564453	2.76
4626.580566	26.08
4626.596191	0.00
4626.611816	12.48
4626.627441	0.00
4626.643066	0.00
4626.659180	0.00
4626.674805	0.00
4626.690430	17.69
4626.706055	0.00
4626.722168	9.92
4626.737793	0.00
4626.753418	17.74
4626.769043	1.40
4626.785156	0.00
4626.800781	12.07
4626.816406	0.00
4626.832031	7.40
4626.847656	0.00
4626.863770	26.81
4626.879395	0.00
4626.895020	13.58
4626.910645	0.00
4626.926270	0.00
4626.942383	4.00
4626.958008	0.00
4626.973633	0.00
4626.989258	0.00
4627.004883	22.49
4627.020996	0.00
4627.036621	44.40
4627.052246	0.00
4627.067871	9.04
4627.083496	0.00
4627.099609	20.32
4627.115234	5.50
4627.130859	5.39
4627.146484	0.00
4627.162109	19.43
4627.178223	10.46
4627.193848	15.30
4627.209473	1.21
4627.225098	6.80
4627.240723	0.00
4627.256836	37.54
4627.272461	11.62
4627.288086	27.59
4627.303711	31.91
4627.319336	41.85
4627.334961	0.00
4627.351074	36.40
4627.366699	0.00
4627.382324	9.34
4627.397949	6.01
4627.413574	10.30
4627.429199	0.00
4627.445312	33.83
4627.460938	0.00
4627.476562	11.74
4627.492188	0.00
4627.507812	6.00
4627.523438	0.00
4627.539551	24.52
4627.555176	0.00
4627.570801	33.31
4627.586426	0.00
4627.602051	0.00
4627.617676	0.00
4627.633301	20.16
4627.649414	23.33
4627.665039	0.00
4627.680664	0.00
4627.696289	0.00
4627.711914	7.01
4627.727539	51.66
4627.743164	0.00
4627.759277	21.06
4627.774902	19.11
4627.790527	13.21
4627.806152	0.00
4627.821777	0.00
4627.837402	36.14
4627.853027	7.51
4627.869141	17.89
4627.884766	0.00
4627.900391	0.00
4627.916016	37.45
4627.931641	0.00
4627.947266	32.59
4627.962891	0.00
4627.978516	22.32
4627.994629	20.43
4628.010254	0.00
4628.025879	0.00
4628.041504	0.00
4628.057129	0.00
4628.072754	10.08
4628.088379	37.81
4628.104004	46.70
4628.119629	0.00
4628.135742	3.36
4628.151367	0.00
4628.166992	0.68
4628.182617	49.22
4628.198242	49.95
4628.213867	55.55
4628.229492	0.00
4628.245117	16.90
4628.260742	0.00
4628.276367	20.49
4628.291992	10.93
4628.308105	0.00
4628.323730	12.26
4628.339355	2.85
4628.354980	0.00
4628.370605	49.26
4628.386230	14.10
4628.401855	57.01
4628.417480	336.49
4628.433105	616.87
4628.448730	587.79
4628.464355	208.39
4628.479980	116.30
4628.496094	8.52
4628.511719	14.05
4628.527344	8.93
4628.542969	0.00
4628.558594	6.36
4628.574219	0.00
4628.589844	27.75
4628.605469	0.00
4628.621094	0.00
4628.636719	9.45
4628.652344	27.79
4628.667969	0.00
4628.683594	28.46
4628.699219	0.00
4628.714844	41.65
4628.730469	0.00
4628.746582	0.45
4628.762207	20.06
4628.777832	8.89
4628.793457	7.99
4628.809082	0.00
4628.824707	32.93
4628.840332	0.00
4628.855957	4.23
4628.871582	0.00
4628.887207	17.38
4628.902832	4.68
4628.918457	0.00
4628.934082	28.49
4628.949707	0.00
4628.965332	1.14
4628.980957	0.00
4628.996582	17.71
4629.012207	0.00
4629.027832	12.36
4629.043457	0.00
4629.059082	21.00
4629.074707	8.09
4629.090332	0.00
4629.105957	15.53
4629.121582	0.00
4629.137207	24.42
4629.152832	0.00
4629.168457	26.44
4629.184082	6.13
4629.199707	0.00
4629.215332	0.00
4629.230957	27.10
4629.246582	0.00
4629.262207	0.00
4629.277832	9.46
4629.293457	8.22
4629.309082	13.66
4629.324707	0.00
4629.340332	8.57
4629.355957	0.00
4629.371582	0.00
4629.387207	21.75
4629.402832	15.21
4629.418457	2.44
4629.434082	5.46
4629.449707	7.08
4629.465332	2.97
4629.480957	0.00
4629.496582	15.10
4629.512207	0.09
4629.527832	1.17
4629.543457	28.77
4629.559082	8.04
4629.574707	17.05
4629.590332	0.00
4629.605957	0.00
4629.621582	0.00
4629.637207	0.00
4629.652832	18.27
4629.668457	0.00
4629.684082	16.36
4629.699707	0.00
4629.715332	41.94
4629.730957	0.00
4629.746582	46.49
4629.762207	0.00
4629.777832	26.25
4629.793457	7.20
4629.809082	31.23
4629.824707	0.00
4629.840332	0.00
4629.855957	1.27
4629.871094	2.94
4629.886719	6.09
4629.902344	0.00
4629.917969	0.00
4629.933594	0.00
4629.949219	5.42
4629.964844	0.00
4629.980469	0.00
4629.996094	0.58
4630.011719	0.00
4630.027344	13.83
4630.042969	0.00
4630.058594	14.62
4630.074219	0.00
4630.089844	3.20
4630.105469	0.00
4630.120605	33.83
4630.136230	24.58
4630.151855	0.00
4630.167480	18.71
4630.183105	32.77
4630.198730	26.90
4630.214355	0.00
4630.229980	9.37
4630.245605	0.00
4630.261230	11.93
4630.276855	0.00
4630.292480	3.63
4630.308105	0.00
4630.323242	28.72
4630.338867	0.00
4630.354492	30.37
4630.370117	0.00
4630.385742	14.11
4630.401367	1.97
4630.416992	3.75
4630.432617	0.00
4630.448242	0.00
4630.463867	0.00
4630.479004	8.68
4630.494629	0.00
4630.510254	0.00
4630.525879	31.29
4630.541504	0.00
4630.557129	21.65
4630.572754	0.00
4630.588379	10.95
4630.604004	23.27
4630.619141	0.00
4630.634766	20.78
4630.650391	0.00
4630.666016	0.00
4630.681641	14.97
